INCAR created by Atomic Simulation Environment
 ENCUT = 520.000000
 SIGMA = 0.050000
 TIME = 0.050000
 NUPDOWN = 119.000000
 EDIFF = 1.00e-06
 EDIFFG = -2.00e-02
 SYMPREC = 1.00e-07
 ALGO = all
 GGA = PE
 PREC = accurate
 IBRION = 2
 ISIF = 2
 ISMEAR = 0
 ISPIN = 2
 ISYM = 0
 KPAR = 3
 LMAXMIX = 4
 LORBIT = 12
 NELM = 300
 NELMIN = 8
 NSW = 1
 NCORE = 4
 LASPH = .TRUE.
 LCHARG = .TRUE.
 LDAU = .TRUE.
 LWAVE = .TRUE.
 LREAL = auto
 LDAUL = 2 -1 -1 -1
 LDAUU = 5.300 0.000 0.000 0.000
 LDAUJ = 0.000 0.000 0.000 0.000
 MAGMOM = 1*4.3453 1*4.3407 1*4.3447 1*4.3460 1*4.3423 1*4.3453 1*4.3490 1*4.3450 1*4.3467 1*4.3403 1*4.3460 1*4.3430 1*4.3417 1*4.3437 1*3.7850 1*4.3300 1*4.3450 1*4.3460 1*4.3443 1*4.3460 1*4.3470 1*4.3467 1*4.3490 1*4.3450 1*0.0143 3*0.0150 1*0.0143 1*0.0160 2*0.0150 1*0.0137 1*0.0150 1*0.0130 1*0.0150 1*0.0137 2*0.0160 1*0.0130 8*0.0150 1*0.1117 1*0.1163 1*0.1190 1*0.1153 1*0.1120 1*0.1023 1*0.1077 1*0.1113 1*0.1340 1*0.1313 1*0.1310 2*0.1360 3*0.1350 1*0.1093 1*0.1180 1*0.1127 1*0.1173 1*0.1190 1*0.0973 1*0.1037 1*0.1120 1*0.1273 1*0.1360 1*0.1310 1*0.1383 1*0.1317 1*0.1373 1*0.1327 1*0.1210 1*0.1073 1*0.1167 1*0.1120 1*0.1170 1*0.1120 1*0.1007 1*0.1070 1*0.1040 1*0.1320 1*0.1350 1*0.1360 1*0.1357 1*0.1350 1*0.1333 1*0.1320 1*0.1317 1*0.1017 1*0.1190 1*0.0300 1*0.1250 1*0.1227 1*0.0907 1*0.0490 1*0.1000 1*0.1303 1*0.1230 1*0.0933 1*0.1387 1*0.0967 1*0.1363 1*0.1197 1*0.1360 1*0.1170 1*0.1180 1*0.1190 1*0.1157 1*0.1110 1*0.1080 1*0.1083 1*0.1107 1*0.1363 1*0.1353 1*0.1360 1*0.1340 1*0.1300 1*0.1360 1*0.1367 1*0.1347 1*0.1170 1*0.1160 1*0.1123 1*0.1167 1*0.1097 1*0.1080 1*0.1033 1*0.1120 1*0.1360 1*0.1340 1*0.1313 1*0.1380 1*0.1313 1*0.1377 1*0.1360 1*0.1340 1*0.0000
