INCAR created by Atomic Simulation Environment
 ENCUT = 520.000000
 SIGMA = 0.050000
 TIME = 0.050000
 NUPDOWN = 119.000000
 EDIFF = 1.00e-06
 EDIFFG = -2.00e-02
 SYMPREC = 1.00e-07
 ALGO = all
 GGA = PE
 PREC = accurate
 IBRION = 2
 ISIF = 2
 ISMEAR = 0
 ISPIN = 2
 ISYM = 0
 KPAR = 3
 LMAXMIX = 4
 LORBIT = 12
 NELM = 300
 NELMIN = 8
 NSW = 1
 NCORE = 4
 LASPH = .TRUE.
 LCHARG = .TRUE.
 LDAU = .TRUE.
 LWAVE = .TRUE.
 LREAL = auto
 LDAUL = 2 -1 -1 -1
 LDAUU = 5.300 0.000 0.000 0.000
 LDAUJ = 0.000 0.000 0.000 0.000
 MAGMOM = 1*4.3473 1*4.3402 1*4.3442 1*4.3460 1*4.3413 1*4.3428 1*4.3490 1*4.3450 1*4.3447 1*4.3408 1*4.3460 1*4.3430 1*4.3427 1*4.3462 1*3.7850 1*4.3300 1*4.3450 1*4.3460 1*4.3448 1*4.3460 1*4.3470 1*4.3462 1*4.3490 1*4.3450 1*0.0133 3*0.0150 1*0.0133 1*0.0160 2*0.0150 1*0.0147 1*0.0150 1*0.0130 1*0.0150 1*0.0147 2*0.0160 1*0.0130 8*0.0150 1*0.1052 1*0.1168 1*0.1190 1*0.1158 1*0.1120 1*0.0998 1*0.1087 1*0.1103 1*0.1310 1*0.1318 1*0.1295 2*0.1360 1*0.1335 1*0.1305 1*0.1350 1*0.0978 1*0.1195 1*0.1122 1*0.1163 1*0.1235 1*0.0873 1*0.1032 1*0.1120 1*0.1158 1*0.1360 1*0.1310 1*0.1373 1*0.1312 1*0.1378 1*0.1292 1*0.1240 1*0.1138 1*0.1162 1*0.1120 1*0.1170 1*0.1120 1*0.1032 1*0.1070 1*0.1040 1*0.1365 1*0.1350 1*0.1345 1*0.1322 1*0.1365 1*0.1368 1*0.1350 1*0.1312 1*0.1132 1*0.1175 1*0.0300 1*0.1250 1*0.1177 1*0.1007 1*0.0490 1*0.1000 1*0.1338 1*0.1200 1*0.0983 1*0.1352 1*0.0917 1*0.1398 1*0.1312 1*0.1360 1*0.1170 1*0.1180 1*0.1190 1*0.1152 1*0.1110 1*0.1080 1*0.1073 1*0.1117 1*0.1368 1*0.1343 1*0.1360 1*0.1355 1*0.1315 1*0.1360 1*0.1362 1*0.1357 1*0.1170 1*0.1160 1*0.1128 1*0.1177 1*0.1092 1*0.1080 1*0.1038 1*0.1120 1*0.1360 1*0.1340 1*0.1318 1*0.1380 1*0.1318 1*0.1387 1*0.1360 1*0.1340 1*0.0000
