INCAR created by Atomic Simulation Environment
 ENCUT = 520.000000
 SIGMA = 0.050000
 TIME = 0.050000
 NUPDOWN = 119.000000
 EDIFF = 1.00e-06
 EDIFFG = -2.00e-02
 SYMPREC = 1.00e-07
 ALGO = all
 GGA = PE
 PREC = accurate
 IBRION = 2
 ISIF = 2
 ISMEAR = 0
 ISPIN = 2
 ISYM = 0
 KPAR = 3
 LMAXMIX = 4
 LORBIT = 12
 NELM = 300
 NELMIN = 8
 NSW = 1
 NCORE = 4
 LASPH = .TRUE.
 LCHARG = .TRUE.
 LDAU = .TRUE.
 LWAVE = .TRUE.
 LREAL = auto
 LDAUL = 2 -1 -1 -1
 LDAUU = 5.300 0.000 0.000 0.000
 LDAUJ = 0.000 0.000 0.000 0.000
 MAGMOM = 1*4.3460 1*4.3405 1*4.3445 1*4.3460 1*4.3420 1*4.3445 1*4.3490 1*4.3450 1*4.3460 1*4.3405 1*4.3460 1*4.3430 1*4.3420 1*4.3445 1*3.7850 1*4.3300 1*4.3450 1*4.3460 1*4.3445 1*4.3460 1*4.3470 1*4.3465 1*4.3490 1*4.3450 1*0.0140 3*0.0150 1*0.0140 1*0.0160 2*0.0150 1*0.0140 1*0.0150 1*0.0130 1*0.0150 1*0.0140 2*0.0160 1*0.0130 8*0.0150 1*0.1095 1*0.1165 1*0.1190 1*0.1155 1*0.1120 1*0.1015 1*0.1080 1*0.1110 1*0.1330 1*0.1315 1*0.1305 2*0.1360 1*0.1345 1*0.1335 1*0.1350 1*0.1055 1*0.1185 1*0.1125 1*0.1170 1*0.1205 1*0.0940 1*0.1035 1*0.1120 1*0.1235 1*0.1360 1*0.1310 1*0.1380 1*0.1315 1*0.1375 1*0.1315 1*0.1220 1*0.1095 1*0.1165 1*0.1120 1*0.1170 1*0.1120 1*0.1015 1*0.1070 1*0.1040 1*0.1335 1*0.1350 1*0.1355 1*0.1345 1*0.1355 1*0.1345 1*0.1330 1*0.1315 1*0.1055 1*0.1185 1*0.0300 1*0.1250 1*0.1210 1*0.0940 1*0.0490 1*0.1000 1*0.1315 1*0.1220 1*0.0950 1*0.1375 1*0.0950 1*0.1375 1*0.1235 1*0.1360 1*0.1170 1*0.1180 1*0.1190 1*0.1155 1*0.1110 2*0.1080 1*0.1110 1*0.1365 1*0.1350 1*0.1360 1*0.1345 1*0.1305 1*0.1360 1*0.1365 1*0.1350 1*0.1170 1*0.1160 1*0.1125 1*0.1170 1*0.1095 1*0.1080 1*0.1035 1*0.1120 1*0.1360 1*0.1340 1*0.1315 1*0.1380 1*0.1315 1*0.1380 1*0.1360 1*0.1340 1*0.0000
